version https://git-lfs.github.com/spec/v1
oid sha256:817c70207020dae33868dd37708a99f250e7b99cdcb3933c5063f7a64e5b4e6d
size 201852
