version https://git-lfs.github.com/spec/v1
oid sha256:8d0f81142cb89b4cc62e985a02c721aa198a129e9306778b199f3759c5281eef
size 214482
