version https://git-lfs.github.com/spec/v1
oid sha256:70966b6a86a09640fa799a15de905ad3e2b8d0468c92b6e96b9955a5797267d6
size 215808
