version https://git-lfs.github.com/spec/v1
oid sha256:76b98e2961fab888d7da5fc1c837afbfc8ed804eb7699bf819077cac3d33608c
size 214239
