version https://git-lfs.github.com/spec/v1
oid sha256:db4ae535111e464b4052808a83b1b629b7eb741e7f7264b6697649d2f9f8ea5d
size 217260
